# Linear forward model. Line 4: number of rows (data points), number of columns (parameters). then every row of matrix on a
# new line, with its elements separated by spaces. Decimals are denoted with a dot.
# The first three lines of matrix.txt are always ignored, no matter the characters (up to 500 characters per line).
15 21
2.5 0 0 5 0 0 5 0 0 5 0 0 5 0 0 5 0 0 2.5 0 0
2.5099 0 0 5.0148 0 0 5.0198 0 0 5.0148 0 0 5.0198 0 0 5.0148 0 0 2.5099 0 0
2.5349 0 0 5.0698 0 0 5.0698 0 0 2.5299 2.5349 0 0 5.0698 0 0 5.0698 0 0 2.5349 0
2.5749 0 0 5.1547 0 0 2.5799 2.5749 0 0 5.1547 0 0 5.1547 0 0 5.1547 0 0 2.5749 0
2.6348 0 0 5.2696 0 0 0 5.2696 0 0 5.2746 0 0 5.2696 0 0 0 5.2696 0 0 2.6348
0 2.5349 0 0 5.0698 0 0 5.0698 0 2.5349 2.5299 0 5.0698 0 0 5.0698 0 0 2.5349 0 0
0 2.5099 0 0 5.0148 0 0 5.0198 0 0 5.0148 0 0 5.0198 0 0 5.0148 0 0 2.5099 0
0 2.5 0 0 5 0 0 5 0 0 5 0 0 5 0 0 5 0 0 2.5 0
0 2.5099 0 0 5.0148 0 0 5.0198 0 0 5.0148 0 0 5.0198 0 0 5.0148 0 0 2.5099 0
0 2.5349 0 0 5.0698 0 0 5.0698 0 0 2.5299 2.5349 0 0 5.0698 0 0 5.0698 0 0 2.5349
0 0 2.6348 0 0 5.2696 0 5.2696 0 0 5.2746 0 0 5.2696 0 5.2696 0 0 2.6348 0 0
0 0 2.5749 0 0 5.1547 0 2.5749 2.5799 0 5.1547 0 0 5.1547 0 0 5.1547 0 0 2.5749 0
0 0 2.5349 0 0 5.0698 0 0 5.0698 0 2.5349 2.5299 0 5.0698 0 0 5.0698 0 0 2.5349 0
0 0 2.5099 0 0 5.0148 0 0 5.0198 0 0 5.0148 0 0 5.0198 0 0 5.0148 0 0 2.5099
0 0 2.5 0 0 5 0 0 5 0 0 5 0 0 5 0 0 5 0 0 2.5
